           0           0   0.0000000000000000     
           5           0   0.0000000000000000     
          10           0   0.0000000000000000     
          15           0   0.0000000000000000     
          20           0   0.0000000000000000     
          25           0   0.0000000000000000     
          30           0   0.0000000000000000     
          35           0   0.0000000000000000     
          40           0   0.0000000000000000     
          45           0   0.0000000000000000     
          50           0   0.0000000000000000     
          55           0   0.0000000000000000     
          60           0   0.0000000000000000     
          65           0   0.0000000000000000     
          70           0   0.0000000000000000     
          75           0   0.0000000000000000     
          80           0   0.0000000000000000     
          85           0   0.0000000000000000     
          90           0   0.0000000000000000     
          95           0   0.0000000000000000     
         100           0   0.0000000000000000     
         105           0   0.0000000000000000     
         110           0   0.0000000000000000     
         115           0   0.0000000000000000     
         120           0   0.0000000000000000     
         125           0   0.0000000000000000     
         130           0   0.0000000000000000     
         135           0   0.0000000000000000     
         140           0   0.0000000000000000     
         145           0   0.0000000000000000     
         150           0   0.0000000000000000     
         155           0   0.0000000000000000     
         160           0   0.0000000000000000     
         165           0   0.0000000000000000     
         170           0   0.0000000000000000     
         175           0   0.0000000000000000     
         180           0   0.0000000000000000     
         185           0   0.0000000000000000     
         190           0   0.0000000000000000     
         195           0   0.0000000000000000     
         200           0   0.0000000000000000     

           0           5   0.0000000000000000     
           5           5   2.6484986618815176     
          10           5   5.4278674289850422     
          15           5   8.4437930532016257     
          20           5   11.794460941156689     
          25           5   15.565989752959341     
          30           5   19.827379531520890     
          35           5   24.625053804087287     
          40           5   29.977235686632028     
          45           5   35.868568358808069     
          50           5   42.245550578767705     
          55           5   49.013481649693887     
          60           5   56.035666419463354     
          65           5   63.135587455132764     
          70           5   70.102581710052689     
          75           5   76.701250203574148     
          80           5   82.684393065566042     
          85           5   87.808742453095832     
          90           5   91.852239598829669     
          95           5   94.631171758515961     
         100           5   96.015257129906416     
         105           5   95.938824755408575     
         110           5   94.406614053338288     
         115           5   91.493376196604316     
         120           5   87.337287077183802     
         125           5   82.128020030748445     
         130           5   76.091008480758504     
         135           5   69.469824907137479     
         140           5   62.508656907187621     
         145           5   55.436600924663921     
         150           5   48.455013295470124     
         155           5   41.728581935956100     
         160           5   35.380229649145612     
         165           5   29.489518249977525     
         170           5   24.093934906060579     
         175           5   19.192312260775687     
         180           5   14.749638540268718     
         185           5   10.702615466708920     
         190           5   6.9654800176994227     
         195           5   3.4357845909823763     
         200           5   0.0000000000000000     

           0          10   0.0000000000000000     
           5          10   5.4278674289850422     
          10          10   11.124165539065496     
          15          10   17.306578660450270     
          20          10   24.177601808623795     
          25          10   31.915268458179604     
          30          10   40.662837302191363     
          35          10   50.517583021963148     
          40          10   61.519163457750459     
          45          10   73.638389310269019     
          50          10   86.767562043194488     
          55          10   100.71381777621751     
          60          10   115.19705530646455     
          65          10   129.85396557330913     
          70          10   144.24935585507296     
          75          10   157.89533920059438     
          80          10   170.27805209006937     
          85          10   180.89045500560678     
          90          10   189.26862257302849     
          95          10   195.02796489020866     
         100          10   197.89528117495712     
         105          10   197.73262791133357     
         110          10   194.54977119514785     
         115          10   188.50341216710888     
         120          10   179.88318485717679     
         125          10   169.08626923699441     
         130          10   156.58395689991801     
         135          10   142.88435772363775     
         140          10   128.49551987862733     
         145          10   113.89262456051105     
         150          10   99.491834063573947     
         155          10   85.632105486168314     
         160          10   72.565097049057599     
         165          10   60.452371824268162     
         170          10   49.368526158638637     
         175          10   39.308632661098891     
         180          10   30.198429892384638     
         185          10   21.905927656312116     
         190          10   14.253441391708447     
         195          10   7.0294469055410751     
         200          10   0.0000000000000000     

           0          15   0.0000000000000000     
           5          15   8.4437930532016257     
          10          15   17.306578660450270     
          15          15   26.930417338692017     
          20          15   37.634220959689024     
          25          15   49.699532830538992     
          30          15   63.354568169609067     
          35          15   78.756688533535453     
          40          15   95.973994013686848     
          45          15   114.96727939897895     
          50          15   135.57415737777285     
          55          15   157.49762394679871     
          60          15   180.30162711923830     
          65          15   203.41618265939712     
          70          15   226.15414455345632     
          75          15   247.74080093227488     
          80          15   267.35602164283074     
          85          15   284.18684411728560     
          90          15   297.48640539901851     
          95          15   306.63339244180258     
         100          15   311.18512864498041     
         105          15   310.91742127317701     
         110          15   305.84555176062037     
         115          15   296.22319922892717     
         120          15   282.51923233988907     
         125          15   265.37553518588408     
         130          15   245.55163946430724     
         135          15   223.86336903024903     
         140          15   201.12274856581263     
         145          15   178.08524747000342     
         150          15   155.40846463546507     
         155          15   133.62415003526968     
         160          15   113.12347155666831     
         165          15   94.153962191465197     
         170          15   76.825725312026478     
         175          15   61.124189245336296     
         180          15   46.926858722385902     
         185          15   34.021955636648798     
         190          15   22.127431007977798     
         195          15   10.909448194374004     
         200          15   0.0000000000000000     

           0          20   0.0000000000000000     
           5          20   11.794460941156689     
          10          20   24.177601808623795     
          15          20   37.634220959689024     
          20          20   52.617746832753227     
          25          20   69.530778081824835     
          30          20   88.702962679125704     
          35          20   110.36635545555320     
          40          20   134.62910466299078     
          45          20   161.44912270909705     
          50          20   190.61022571576788     
          55          20   221.70397952293942     
          60          20   254.12102533825691     
          65          20   287.05579781043446     
          70          20   319.52809409767190     
          75          20   350.42373194859050     
          80          20   378.55447291030521     
          85          20   402.73459248231325     
          90          20   421.86831076392241     
          95          20   435.03936043804924     
         100          20   441.59201285644275     
         105          20   441.19260255092354     
         110          20   433.86238854918093     
         115          20   419.97637886223771     
         120          20   400.22786395245771     
         125          20   375.56373698006013     
         130          20   347.09995747742903     
         135          20   316.02875627890683     
         140          20   283.52902738786264     
         145          20   250.68916210459827     
         150          20   218.44820048944854     
         155          20   187.55757380241587     
         160          20   158.56265371849236     
         165          20   131.80121866082663     
         170          20   107.41486622384099     
         175          20   85.369190881103975     
         180          20   65.478957115666446     
         185          20   47.435272906452568     
         190          20   30.832692900489995     
         195          20   15.195097584666247     
         200          20   0.0000000000000000     

           0          25   0.0000000000000000     
           5          25   15.565989752959341     
          10          25   31.915268458179604     
          15          25   49.699532830538992     
          20          25   69.530778081824835     
          25          25   91.956329951898738     
          30          25   117.42999229473217     
          35          25   146.27931781471034     
          40          25   178.66993517629072     
          45          25   214.56894660329414     
          50          25   253.71057877954649     
          55          25   295.56841397036249     
          60          25   339.33947185153812     
          65          25   383.94590319745708     
          70          25   428.05977437963321     
          75          25   470.15503149906328     
          80          25   508.58799816116789     
          85          25   541.70370762616346     
          90          25   567.96044564739827     
          95          25   586.06000536086628     
         100          25   595.06758416105572     
         105          25   594.50423918630463     
         110          25   584.39719161226697     
         115          25   565.27905200672694     
         120          25   538.13523734184218     
         125          25   504.30756748072361     
         130          25   465.36899541931251     
         135          25   422.98784585972908     
         140          25   378.79922483630730     
         145          25   334.29720192636319     
         150          25   290.75560716508971     
         155          25   249.17955623944798     
         160          25   210.28532380858780     
         165          25   174.50341409270254     
         170          25   141.99854517054689     
         175          25   112.70037889875107     
         180          25   86.339729430082912     
         185          25   62.486269032267721     
         190          25   40.585128223062426     
         195          25   19.991070340462922     
         200          25   0.0000000000000000     

           0          30   0.0000000000000000     
           5          30   19.827379531520890     
          10          30   40.662837302191363     
          15          30   63.354568169609067     
          20          30   88.702962679125704     
          25          30   117.42999229473217     
          30          30   150.14311301745403     
          35          30   187.29342117132191     
          40          30   229.12893367146145     
          45          30   275.64524324881188     
          50          30   326.53737087235436     
          55          30   381.15830440742457     
          60          30   438.49128474086444     
          65          30   497.14405368422524     
          70          30   555.37352693846447     
          75          30   611.14809281993792     
          80          30   662.25139102419030     
          85          30   706.42575705936497     
          90          30   741.54598087444174     
          95          30   765.80597706940898     
         100          30   777.89448772683158     
         105          30   777.13328754788051     
         110          30   763.55418928911263     
         115          30   737.89983069199798     
         120          30   701.54637665379562     
         125          30   656.36069881344224     
         130          30   604.51612669829706     
         135          30   548.29608184688118     
         140          30   489.91281301696949     
         145          30   431.36081067425141     
         150          30   374.31460059471971     
         155          30   320.07160838792055     
         160          30   269.53445137500159     
         165          30   223.22373423694623     
         170          30   181.31166510538620     
         175          30   143.66770726329040     
         180          30   109.90923988320944     
         185          30   79.452240465983763     
         190          30   51.558967785524672     
         195          30   25.381331304763094     
         200          30   0.0000000000000000     

           0          35   0.0000000000000000     
           5          35   24.625053804087287     
          10          35   50.517583021963148     
          15          35   78.756688533535453     
          20          35   110.36635545555320     
          25          35   146.27931781471034     
          30          35   187.29342117132191     
          35          35   234.01975130515586     
          40          35   286.82311665045353     
          45          35   345.75713331654424     
          50          35   410.49816977456311     
          55          35   480.28472403084140     
          60          35   553.87128076522345     
          65          35   629.50797470686598     
          70          35   704.95880093564324     
          75          35   777.57063932061897     
          80          35   844.40178451378029     
          85          35   902.41109191707972     
          90          35   948.69745377253946     
          95          35   980.76602232267135     
         100          35   996.78590157611552     
         105          35   995.79795932208037     
         110          35   977.83413963109126     
         115          35   943.92244531747087     
         120          35   895.97301075489929     
         125          35   836.56515494478094     
         130          35   768.67504869891036     
         135          35   695.39170955130805     
         140          35   619.66365964138004     
         145          35   544.10387523677525     
         150          35   470.86350515694994     
         155          35   401.57085429280551     
         160          35   337.32373546336993     
         165          35   278.72016699806710     
         170          35   225.91292009955492     
         175          35   178.67588374392938     
         180          35   136.47335195154616     
         185          35   98.526411372563217     
         190          35   63.873272650544664     
         195          35   31.422535116278549     
         200          35   0.0000000000000000     

           0          40   0.0000000000000000     
           5          40   29.977235686632028     
          10          40   61.519163457750459     
          15          40   95.973994013686848     
          20          40   134.62910466299078     
          25          40   178.66993517629072     
          30          40   229.12893367146145     
          35          40   286.82311665045353     
          40          40   352.28022851051423     
          45          40   425.65534983751849     
          50          40   506.64220399986567     
          55          40   594.38643641886824     
          60          40   687.41179121761991     
          65          40   783.57413060442036     
          70          40   880.06185957223977     
          75          40   973.46297015453899     
          80          40   1059.9162561106107     
          85          40   1135.3548512720604     
          90          40   1195.8332661394218     
          95          40   1237.9070555652963     
         100          40   1259.0131883743547     
         105          40   1257.7863576362799     
         110          40   1234.2475417893643     
         115          40   1189.8191913306441     
         120          40   1127.1558263196362     
         125          40   1049.8217072042744     
         130          40   961.88279813222289     
         135          40   867.49314146430629     
         140          40   770.54251001434318     
         145          40   674.40303418512849     
         150          40   581.78236632036601     
         155          40   494.66985100415468     
         160          40   414.35239337848827     
         165          40   341.47558130925626     
         170          40   276.12920149115030     
         175          40   217.94152841634488     
         180          40   166.17191755499809     
         185          40   119.79557590863102     
         190          40   77.577760923799843     
         195          40   38.137162049130687     
         200          40   0.0000000000000000     

           0          45   0.0000000000000000     
           5          45   35.868568358808069     
          10          45   73.638389310269019     
          15          45   114.96727939897895     
          20          45   161.44912270909705     
          25          45   214.56894660329414     
          30          45   275.64524324881188     
          35          45   345.75713331654424     
          40          45   425.65534983751849     
          45          45   515.65790642356615     
          50          45   615.53391553861616     
          55          45   724.38263823162174     
          60          45   840.51979988234893     
          65          45   961.38962620486632     
          70          45   1083.5283909457689     
          75          45   1202.6115248283033     
          80          45   1313.6173993489365     
          85          45   1411.1310985502923     
          90          45   1489.7867942969142     
          95          45   1544.8104113907993     
         100          45   1572.5862758178366     
         105          45   1571.1460778363391     
         110          45   1540.4744972842550     
         115          45   1482.5486940036951     
         120          45   1401.0834927411761     
         125          45   1301.0322937795199     
         130          45   1187.9624990191592     
         135          45   1067.4458425185007     
         140          45   944.57113129098298     
         145          45   823.62692087570588     
         150          45   707.94847720658663     
         155          45   599.89369563987816     
         160          45   500.90491166262916     
         165          45   411.61863843794839     
         170          45   331.99496779220362     
         175          45   261.44797443194977     
         180          45   198.96617911085724     
         185          45   143.21773654818537     
         190          45   92.638891268256870     
         195          45   45.506856874380830     
         200          45   0.0000000000000000     

           0          50   0.0000000000000000     
           5          50   42.245550578767705     
          10          50   86.767562043194488     
          15          50   135.57415737777285     
          20          50   190.61022571576788     
          25          50   253.71057877954649     
          30          50   326.53737087235436     
          35          50   410.49816977456311     
          40          50   506.64220399986567     
          45          50   615.53391553861616     
          50          50   737.10533807782917     
          55          50   870.49256297937848     
          60          50   1013.8674975453702     
          65          50   1164.2852563965721     
          70          50   1317.5803663434790     
          75          50   1468.3599669051741     
          80          50   1610.1532576340858     
          85          50   1735.7715125966088     
          90          50   1837.8988697437160     
          95          50   1909.8705845293621     
         100          50   1946.5256172955544     
         105          50   1944.9743163418218     
         110          50   1905.1082261116646     
         115          50   1829.6986017472386     
         120          50   1724.0093957217041     
         125          50   1595.0001385515582     
         130          50   1450.3407405422556     
         135          50   1297.4986336022639     
         140          50   1143.0734643682872     
         145          50   992.42621455129142     
         150          50   849.55751592568117     
         155          50   717.15557298782312     
         160          50   596.73897594261348     
         165          50   488.83954092351229     
         170          50   393.19055701284293     
         175          50   308.90121566829487     
         180          50   234.60821412431153     
         185          50   168.60183467112253     
         190          50   108.92757481724993     
         195          50   53.466646253376737     
         200          50   0.0000000000000000     

           0          55   0.0000000000000000     
           5          55   49.013481649693887     
          10          55   100.71381777621751     
          15          55   157.49762394679871     
          20          55   221.70397952293942     
          25          55   295.56841397036249     
          30          55   381.15830440742457     
          35          55   480.28472403084140     
          40          55   594.38643641886824     
          45          55   724.38263823162174     
          50          55   870.49256297937848     
          55          55   1032.0229411024036     
          60          55   1207.1300302108116     
          65          55   1392.5738893842326     
          70          55   1583.5018649284000     
          75          55   1773.3275929009947     
          80          55   1953.8055691256729     
          85          55   2115.4172883020615     
          90          55   2248.1449393672738     
          95          55   2342.5937080761605     
         100          55   2391.2863092281300     
         105          55   2389.8804446636937     
         110          55   2338.0440322758918     
         115          55   2239.7041581486492     
         120          55   2102.4603475574258     
         125          55   1936.2565123297757     
         130          55   1751.7613729371353     
         135          55   1558.9778914669484     
         140          55   1366.3645459231029     
         145          55   1180.4668757508509     
         150          55   1005.9108764837047     
         155          55   845.59590052993303     
         160          55   700.96854710268383     
         165          55   572.30767685263424     
         170          55   458.98569807908348     
         175          55   359.69210435173375     
         180          55   272.61631780946766     
         185          55   195.59234247141217     
         190          55   126.21027588309559     
         195          55   61.900886749293804     
         200          55   0.0000000000000000     

           0          60   0.0000000000000000     
           5          60   56.035666419463354     
          10          60   115.19705530646455     
          15          60   180.30162711923830     
          20          60   254.12102533825691     
          25          60   339.33947185153812     
          30          60   438.49128474086444     
          35          60   553.87128076522345     
          40          60   687.41179121761991     
          45          60   840.51979988234893     
          50          60   1013.8674975453702     
          55          60   1207.1300302108116     
          60          60   1418.6671598395062     
          65          60   1645.1548118994426     
          70          60   1881.1953675296795     
          75          60   2118.9827980881591     
          80          60   2348.1762772308607     
          85          60   2556.2164842272527     
          90          60   2729.3047847759508     
          95          60   2854.0450611560377     
         100          60   2919.4273840460146     
         105          60   2918.7440496191361     
         110          60   2851.1231216779784     
         115          60   2722.1897743083509     
         120          60   2543.2112694790076     
         125          60   2328.7461109763940     
         130          60   2093.8259229639070     
         135          60   1851.8114053246936     
         140          60   1613.3344525399298     
         145          60   1386.1029921711231     
         150          60   1175.1764838918523     
         155          60   983.41676085247184     
         160          60   811.95426820211219     
         165          60   660.60193863881364     
         170          60   528.19693425729326     
         175          60   412.87142625428976     
         180          60   312.26111453481337     
         185          60   223.66198130081688     
         190          60   144.14551499894858     
         195          60   70.641900094600786     
         200          60   0.0000000000000000     

           0          65   0.0000000000000000     
           5          65   63.135587455132764     
          10          65   129.85396557330913     
          15          65   203.41618265939712     
          20          65   287.05579781043446     
          25          65   383.94590319745708     
          30          65   497.14405368422524     
          35          65   629.50797470686598     
          40          65   783.57413060442036     
          45          65   961.38962620486632     
          50          65   1164.2852563965721     
          55          65   1392.5738893842326     
          60          65   1645.1548118994426     
          65          65   1919.0048937381396     
          70          65   2208.5519802453628     
          75          65   2504.9801767552103     
          80          65   2795.6558366926479     
          85          65   3064.1087084799033     
          90          65   3291.1741979347989     
          95          65   3457.5010276432763     
         100          65   3546.6603970836036     
         105          65   3547.9894952399368     
         110          65   3459.2450911334245     
         115          65   3288.5076867837938     
         120          65   3053.1416135443837     
         125          65   2775.2213670103911     
         130          65   2476.2359555764706     
         135          65   2173.8345890606715     
         140          65   1880.9083507295022     
         145          65   1605.9981734635080     
         150          65   1354.1432238116188     
         155          65   1127.7332858991269     
         160          65   927.22008395005321     
         165          65   751.66855336821516     
         170          65   599.16991322581680     
         175          65   467.14559539527056     
         180          65   352.56766431222519     
         185          65   252.11598327397553     
         190          65   162.28780484659191     
         195          65   79.472238226347272     
         200          65   0.0000000000000000     

           0          70   0.0000000000000000     
           5          70   70.102581710052689     
          10          70   144.24935585507296     
          15          70   226.15414455345632     
          20          70   319.52809409767190     
          25          70   428.05977437963321     
          30          70   555.37352693846447     
          35          70   704.95880093564324     
          40          70   880.06185957223977     
          45          70   1083.5283909457689     
          50          70   1317.5803663434790     
          55          70   1583.5018649284000     
          60          70   1881.1953675296795     
          65          70   2208.5519802453628     
          70          70   2560.5614416656067     
          75          70   2928.0995077432799     
          80          70   3296.4788784972779     
          85          70   3644.3887371969913     
          90          70   3944.8222007439390     
          95          70   4169.3361696201500     
         100          70   4293.4201219404085     
         105          70   4299.8008484302627     
         110          70   4182.4328836330214     
         115          70   3952.5895332948244     
         120          70   3638.7144312810105     
         125          70   3276.0160868850849     
         130          70   2895.5302526862879     
         135          70   2519.8066985668729     
         140          70   2163.3898441934675     
         145          70   1834.7333083821261     
         150          70   1538.0107181770913     
         155          70   1274.4771183297835     
         160          70   1043.4223087657926     
         165          70   842.82475314044723     
         170          70   669.79880808815687     
         175          70   520.90091783389937     
         180          70   392.33857001935462     
         185          70   280.11093213896345     
         190          70   180.10072781470504     
         195          70   88.131343062595320     
         200          70   0.0000000000000000     

           0          75   0.0000000000000000     
           5          75   76.701250203574148     
          10          75   157.89533920059438     
          15          75   247.74080093227488     
          20          75   350.42373194859050     
          25          75   470.15503149906328     
          30          75   611.14809281993792     
          35          75   777.57063932061897     
          40          75   973.46297015453899     
          45          75   1202.6115248283033     
          50          75   1468.3599669051741     
          55          75   1773.3275929009947     
          60          75   2118.9827980881591     
          65          75   2504.9801767552103     
          70          75   2928.0995077432799     
          75          75   3380.5046984167748     
          80          75   3846.9241887607977     
          85          75   4300.8478792262449     
          90          75   4703.0587055177393     
          95          75   5010.0544676340378     
         100          75   5186.8195733890961     
         105          75   5206.1547336317071     
         110          75   5050.1860993097798     
         115          75   4732.2289161350109     
         120          75   4304.2535198680944     
         125          75   3826.4971172206947     
         130          75   3343.0389869788237     
         135          75   2880.1255840279546     
         140          75   2451.7703825365625     
         145          75   2064.4918403464726     
         150          75   1720.2862957043592     
         155          75   1418.4015465444697     
         160          75   1156.4030291208940     
         165          75   930.82785938481743     
         170          75   737.59446398519333     
         175          75   572.26307335501156     
         180          75   430.20177038391665     
         185          75   306.69014209253089     
         190          75   196.98012683329543     
         195          75   96.326995682298872     
         200          75   0.0000000000000000     

           0          80   0.0000000000000000     
           5          80   82.684393065566042     
          10          80   170.27805209006937     
          15          80   267.35602164283074     
          20          80   378.55447291030521     
          25          80   508.58799816116789     
          30          80   662.25139102419030     
          35          80   844.40178451378029     
          40          80   1059.9162561106107     
          45          80   1313.6173993489365     
          50          80   1610.1532576340858     
          55          80   1953.8055691256729     
          60          80   2348.1762772308607     
          65          80   2795.6558366926479     
          70          80   3296.4788784972779     
          75          80   3846.9241887607977     
          80          80   4435.4699973346633     
          85          80   5033.8572342196212     
          90          80   5582.5045507859340     
          95          80   6005.0600039707551     
         100          80   6260.9344495955911     
         105          80   6316.5474950976686     
         110          80   6112.8964328332804     
         115          80   5650.1587236039750     
         120          80   5046.3068712766435     
         125          80   4411.9414458647543     
         130          80   3801.9359613145152     
         135          80   3239.4693658141459     
         140          80   2733.2403501507169     
         145          80   2284.9881509513975     
         150          80   1892.8907798552812     
         155          80   1553.2464298332045     
         160          80   1261.3594011441342     
         165          80   1012.0260291301100     
         170          80   799.80905248203544     
         175          80   619.19512188665760     
         180          80   464.68410799992819     
         185          80   330.83569080247196     
         190          80   212.28721755486254     
         195          80   103.75138953309093     
         200          80   0.0000000000000000     

           0          85   0.0000000000000000     
           5          85   87.808742453095832     
          10          85   180.89045500560678     
          15          85   284.18684411728560     
          20          85   402.73459248231325     
          25          85   541.70370762616346     
          30          85   706.42575705936497     
          35          85   902.41109191707972     
          40          85   1135.3548512720604     
          45          85   1411.1310985502923     
          50          85   1735.7715125966088     
          55          85   2115.4172883020615     
          60          85   2556.2164842272527     
          65          85   3064.1087084799033     
          70          85   3644.3887371969913     
          75          85   4300.8478792262449     
          80          85   5033.8572342196212     
          85          85   5832.3982068844216     
          90          85   6617.6187128587180     
          95          85   7183.6768776147983     
         100          85   7544.1311224265773     
         105          85   7710.5539308691832     
         110          85   7485.5159040008075     
         115          85   6724.8999033816435     
         120          85   5836.2578772343913     
         125          85   4999.0463850657261     
         130          85   4244.2749630231356     
         135          85   3576.1202984644874     
         140          85   2991.3374418356257     
         145          85   2483.8626436307381     
         150          85   2046.5812736357811     
         155          85   1672.1121031086686     
         160          85   1353.1488832390976     
         165          85   1082.5968583642966     
         170          85   853.61730378951552     
         175          85   659.63179388634217     
         180          85   494.30794570815027     
         185          85   351.53472424154972     
         190          85   225.38993323448352     
         195          85   110.10096351409142     
         200          85   0.0000000000000000     

           0          90   0.0000000000000000     
           5          90   91.852239598829669     
          10          90   189.26862257302849     
          15          90   297.48640539901851     
          20          90   421.86831076392241     
          25          90   567.96044564739827     
          30          90   741.54598087444174     
          35          90   948.69745377253946     
          40          90   1195.8332661394218     
          45          90   1489.7867942969142     
          50          90   1837.8988697437160     
          55          90   2248.1449393672738     
          60          90   2729.3047847759508     
          65          90   3291.1741979347989     
          70          90   3944.8222007439390     
          75          90   4703.0587055177393     
          80          90   5582.5045507859340     
          85          90   6617.6187128587180     
          90          90   8100.0000000000000     
          95          90   8550.0000000000000     
         100          90   9000.0000000000000     
         105          90   9450.0000000000000     
         110          90   9900.0000000000000     
         115          90   7856.7820054534786     
         120          90   6585.1263595630771     
         125          90   5529.7159192669842     
         130          90   4631.1702905197180     
         135          90   3863.2592439296877     
         140          90   3207.2268613896631     
         145          90   2647.7271012883048     
         150          90   2171.7516702832904     
         155          90   1768.0544810593881     
         160          90   1426.7246470726027     
         165          90   1138.8628245391167     
         170          90   896.34315918685809     
         175          90   691.64060773306073     
         180          90   517.70353751066489     
         185          90   367.85484051445968     
         190          90   235.70920277861768     
         195          90   115.09839848781570     
         200          90   0.0000000000000000     

           0          95   0.0000000000000000     
           5          95   94.631171758515961     
          10          95   195.02796489020866     
          15          95   306.63339244180258     
          20          95   435.03936043804924     
          25          95   586.06000536086628     
          30          95   765.80597706940898     
          35          95   980.76602232267135     
          40          95   1237.9070555652963     
          45          95   1544.8104113907993     
          50          95   1909.8705845293621     
          55          95   2342.5937080761605     
          60          95   2854.0450611560377     
          65          95   3457.5010276432763     
          70          95   4169.3361696201500     
          75          95   5010.0544676340378     
          80          95   6005.0600039707551     
          85          95   7183.6768776147983     
          90          95   8550.0000000000000     
          95          95   9025.0000000000000     
         100          95   9500.0000000000000     
         105          95   9975.0000000000000     
         110          95   10450.000000000000     
         115          95   8653.2390763894546     
         120          95   7158.9896328022560     
         125          95   5934.0222668507158     
         130          95   4919.7044563685213     
         135          95   4072.9803627291444     
         140          95   3362.2428982545534     
         145          95   2763.8418236792377     
         150          95   2259.5596235577491     
         155          95   1834.8499302582759     
         160          95   1477.6585744976139     
         165          95   1177.6510112708725     
         170          95   925.70801568208276     
         175          95   713.59288107288671     
         180          95   533.72545765882819     
         185          95   379.02080752988110     
         190          95   242.76546495045628     
         195          95   118.51456381770166     
         200          95   0.0000000000000000     

           0         100   0.0000000000000000     
           5         100   96.015257129906416     
          10         100   197.89528117495712     
          15         100   311.18512864498041     
          20         100   441.59201285644275     
          25         100   595.06758416105572     
          30         100   777.89448772683158     
          35         100   996.78590157611552     
          40         100   1259.0131883743547     
          45         100   1572.5862758178366     
          50         100   1946.5256172955544     
          55         100   2391.2863092281300     
          60         100   2919.4273840460146     
          65         100   3546.6603970836036     
          70         100   4293.4201219404085     
          75         100   5186.8195733890961     
          80         100   6260.9344495955911     
          85         100   7544.1311224265773     
          90         100   9000.0000000000000     
          95         100   9500.0000000000000     
         100         100   10000.000000000000     
         105         100   10500.000000000000     
         110         100   11000.000000000000     
         115         100   9114.8953690945891     
         120         100   7486.5206690386640     
         125         100   6156.6664414967927     
         130         100   5073.3248411370350     
         135         100   4181.7717737677040     
         140         100   3441.1333471094617     
         145         100   2822.1194544219443     
         150         100   2303.1919564876043     
         155         100   1867.8085820289082     
         160         100   1502.6724496281345     
         165         100   1196.6449385236947     
         170         100   940.06621321927560     
         175         100   724.32204752083248     
         180         100   541.55835742522788     
         185         100   384.48326127684766     
         190         100   246.21990783387091     
         195         100   120.18786068299960     
         200         100   0.0000000000000000     

           0         105   0.0000000000000000     
           5         105   95.938824755408575     
          10         105   197.73262791133357     
          15         105   310.91742127317701     
          20         105   441.19260255092354     
          25         105   594.50423918630463     
          30         105   777.13328754788051     
          35         105   995.79795932208037     
          40         105   1257.7863576362799     
          45         105   1571.1460778363391     
          50         105   1944.9743163418218     
          55         105   2389.8804446636937     
          60         105   2918.7440496191361     
          65         105   3547.9894952399368     
          70         105   4299.8008484302627     
          75         105   5206.1547336317071     
          80         105   6316.5474950976686     
          85         105   7710.5539308691832     
          90         105   9450.0000000000000     
          95         105   9975.0000000000000     
         100         105   10500.000000000000     
         105         105   11025.000000000000     
         110         105   11550.000000000000     
         115         105   9284.1504773488105     
         120         105   7524.3808748195579     
         125         105   6160.3673549360474     
         130         105   5068.5407958428586     
         135         105   4175.3973175427282     
         140         105   3435.1154616430231     
         145         105   2816.9749909372372     
         150         105   2298.9887083766807     
         155         105   1864.4688628617189     
         160         105   1500.0759575627048     
         165         105   1194.6662291937121     
         170         105   938.58905213827666     
         175         105   723.24499024180091     
         180         105   540.79679383868756     
         185         105   383.96997233428056     
         190         105   245.90499969873110     
         195         105   120.03847517054000     
         200         105   0.0000000000000000     

           0         110   0.0000000000000000     
           5         110   94.406614053338288     
          10         110   194.54977119514785     
          15         110   305.84555176062037     
          20         110   433.86238854918093     
          25         110   584.39719161226697     
          30         110   763.55418928911263     
          35         110   977.83413963109126     
          40         110   1234.2475417893643     
          45         110   1540.4744972842550     
          50         110   1905.1082261116646     
          55         110   2338.0440322758918     
          60         110   2851.1231216779784     
          65         110   3459.2450911334245     
          70         110   4182.4328836330214     
          75         110   5050.1860993097798     
          80         110   6112.8964328332804     
          85         110   7485.5159040008075     
          90         110   9900.0000000000000     
          95         110   10450.000000000000     
         100         110   11000.000000000000     
         105         110   11550.000000000000     
         110         110   12100.000000000000     
         115         110   8878.9309086661488     
         120         110   7199.3094160329492     
         125         110   5926.8042292335294     
         130         110   4900.5909421600300     
         135         110   4052.6924196348837     
         140         110   3344.0384213360212     
         145         110   2748.5372665448422     
         150         110   2247.1355848123699     
         155         110   1825.0052570860230     
         160         110   1470.0142141663905     
         165         110   1171.8290175959105     
         170         110   921.36324686797673     
         175         110   710.42571814813596     
         180         110   531.48650055664916     
         185         110   377.51205492380666     
         190         110   241.83997659223672     
         195         110   118.07557568366474     
         200         110   0.0000000000000000     

           0         115   0.0000000000000000     
           5         115   91.493376196604316     
          10         115   188.50341216710888     
          15         115   296.22319922892717     
          20         115   419.97637886223771     
          25         115   565.27905200672694     
          30         115   737.89983069199798     
          35         115   943.92244531747087     
          40         115   1189.8191913306441     
          45         115   1482.5486940036951     
          50         115   1829.6986017472386     
          55         115   2239.7041581486492     
          60         115   2722.1897743083509     
          65         115   3288.5076867837938     
          70         115   3952.5895332948244     
          75         115   4732.2289161350109     
          80         115   5650.1587236039750     
          85         115   6724.8999033816435     
          90         115   7856.7820054534786     
          95         115   8653.2390763894546     
         100         115   9114.8953690945891     
         105         115   9284.1504773488105     
         110         115   8878.9309086661488     
         115         115   7740.4510424677337     
         120         115   6535.4881009655173     
         125         115   5485.9818170203225     
         130         115   4590.5972500195167     
         135         115   3827.4686480617179     
         140         115   3176.9258954444158     
         145         115   2622.8052006640119     
         150         115   2151.7034780049275     
         155         115   1752.2319752835942     
         160         115   1414.4613117518463     
         165         115   1129.5317449546747     
         170         115   889.38357979084367     
         175         115   686.56952486315845     
         180         115   514.12004969046507     
         185         115   365.44094921898716     
         190         115   234.22895189039997     
         195         115   114.39640550501629     
         200         115   0.0000000000000000     

           0         120   0.0000000000000000     
           5         120   87.337287077183802     
          10         120   179.88318485717679     
          15         120   282.51923233988907     
          20         120   400.22786395245771     
          25         120   538.13523734184218     
          30         120   701.54637665379562     
          35         120   895.97301075489929     
          40         120   1127.1558263196362     
          45         120   1401.0834927411761     
          50         120   1724.0093957217041     
          55         120   2102.4603475574258     
          60         120   2543.2112694790076     
          65         120   3053.1416135443837     
          70         120   3638.7144312810105     
          75         120   4304.2535198680944     
          80         120   5046.3068712766435     
          85         120   5836.2578772343913     
          90         120   6585.1263595630771     
          95         120   7158.9896328022560     
         100         120   7486.5206690386640     
         105         120   7524.3808748195579     
         110         120   7199.3094160329492     
         115         120   6535.4881009655173     
         120         120   5724.6914871529652     
         125         120   4920.5973219661446     
         130         120   4182.5338513764091     
         135         120   3525.7590912594283     
         140         120   2950.1766135687521     
         145         120   2450.5436793272397     
         150         120   2019.9729853649997     
         155         120   1651.1832073698884     
         160         120   1336.9540695494027     
         165         120   1070.2849116752782     
         170         120   844.43970782534279     
         175         120   652.94795445820773     
         180         120   489.58726219322443     
         185         120   348.35646367155584     
         190         120   223.44183869777032     
         195         120   109.17736448569960     
         200         120   0.0000000000000000     

           0         125   0.0000000000000000     
           5         125   82.128020030748445     
          10         125   169.08626923699441     
          15         125   265.37553518588408     
          20         125   375.56373698006013     
          25         125   504.30756748072361     
          30         125   656.36069881344224     
          35         125   836.56515494478094     
          40         125   1049.8217072042744     
          45         125   1301.0322937795199     
          50         125   1595.0001385515582     
          55         125   1936.2565123297757     
          60         125   2328.7461109763940     
          65         125   2775.2213670103911     
          70         125   3276.0160868850849     
          75         125   3826.4971172206947     
          80         125   4411.9414458647543     
          85         125   4999.0463850657261     
          90         125   5529.7159192669842     
          95         125   5934.0222668507158     
         100         125   6156.6664414967927     
         105         125   6160.3673549360474     
         110         125   5926.8042292335294     
         115         125   5485.9818170203225     
         120         125   4920.5973219661446     
         125         125   4315.7829228581359     
         130         125   3726.0069988537061     
         135         125   3178.3223239566205     
         140         125   2683.7844587961645     
         145         125   2245.2004150735038     
         150         125   1861.2173720371204     
         155         125   1528.3713748871344     
         160         125   1242.1250339917431     
         165         125   997.40959917689690     
         170         125   788.91800797781355     
         175         125   611.26730178698176     
         180         125   459.08818007004641     
         185         125   327.07061544444952     
         190         125   209.98078755692927     
         195         125   102.65830781170780     
         200         125   0.0000000000000000     

           0         130   0.0000000000000000     
           5         130   76.091008480758504     
          10         130   156.58395689991801     
          15         130   245.55163946430724     
          20         130   347.09995747742903     
          25         130   465.36899541931251     
          30         130   604.51612669829706     
          35         130   768.67504869891036     
          40         130   961.88279813222289     
          45         130   1187.9624990191592     
          50         130   1450.3407405422556     
          55         130   1751.7613729371353     
          60         130   2093.8259229639070     
          65         130   2476.2359555764706     
          70         130   2895.5302526862879     
          75         130   3343.0389869788237     
          80         130   3801.9359613145152     
          85         130   4244.2749630231356     
          90         130   4631.1702905197180     
          95         130   4919.7044563685213     
         100         130   5073.3248411370350     
         105         130   5068.5407958428586     
         110         130   4900.5909421600300     
         115         130   4590.5972500195167     
         120         130   4182.5338513764091     
         125         130   3726.0069988537061     
         130         130   3260.8664932086804     
         135         130   2813.0783507853885     
         140         130   2397.2976085761434     
         145         130   2020.5932424156699     
         150         130   1685.3091913914006     
         155         130   1390.9149951406507     
         160         130   1135.1406606531091     
         165         130   914.66769603092291     
         170         130   725.55460909621786     
         175         130   563.50257249330821     
         180         130   424.02204030559471     
         185         130   302.53541934733101     
         190         130   194.43679073645316     
         195         130   95.122176460359100     
         200         130   0.0000000000000000     

           0         135   0.0000000000000000     
           5         135   69.469824907137479     
          10         135   142.88435772363775     
          15         135   223.86336903024903     
          20         135   316.02875627890683     
          25         135   422.98784585972908     
          30         135   548.29608184688118     
          35         135   695.39170955130805     
          40         135   867.49314146430629     
          45         135   1067.4458425185007     
          50         135   1297.4986336022639     
          55         135   1558.9778914669484     
          60         135   1851.8114053246936     
          65         135   2173.8345890606715     
          70         135   2519.8066985668729     
          75         135   2880.1255840279546     
          80         135   3239.4693658141459     
          85         135   3576.1202984644874     
          90         135   3863.2592439296877     
          95         135   4072.9803627291444     
         100         135   4181.7717737677040     
         105         135   4175.3973175427282     
         110         135   4052.6924196348837     
         115         135   3827.4686480617179     
         120         135   3525.7590912594283     
         125         135   3178.3223239566205     
         130         135   2813.0783507853885     
         135         135   2451.2693796512140     
         140         135   2107.1196605503296     
         145         135   1789.1105743106905     
         150         135   1501.5254952839887     
         155         135   1245.7386517311252     
         160         135   1021.1597435661649     
         165         135   825.89175948156173     
         170         135   657.18087168785394     
         175         135   511.72245237901791     
         180         135   385.86818542705197     
         185         135   275.76442221386867     
         190         135   177.44210013689980     
         195         135   86.872542394729976     
         200         135   0.0000000000000000     

           0         140   0.0000000000000000     
           5         140   62.508656907187621     
          10         140   128.49551987862733     
          15         140   201.12274856581263     
          20         140   283.52902738786264     
          25         140   378.79922483630730     
          30         140   489.91281301696949     
          35         140   619.66365964138004     
          40         140   770.54251001434318     
          45         140   944.57113129098298     
          50         140   1143.0734643682872     
          55         140   1366.3645459231029     
          60         140   1613.3344525399298     
          65         140   1880.9083507295022     
          70         140   2163.3898441934675     
          75         140   2451.7703825365625     
          80         140   2733.2403501507169     
          85         140   2991.3374418356257     
          90         140   3207.2268613896631     
          95         140   3362.2428982545534     
         100         140   3441.1333471094617     
         105         140   3435.1154616430231     
         110         140   3344.0384213360212     
         115         140   3176.9258954444158     
         120         140   2950.1766135687521     
         125         140   2683.7844587961645     
         130         140   2397.2976085761434     
         135         140   2107.1196605503296     
         140         140   1825.5089571219762     
         145         140   1560.7386628121599     
         150         140   1317.7639204604397     
         155         140   1098.9812000451968     
         160         140   904.89876010928811     
         165         140   734.67001026480796     
         170         140   586.49713937575268     
         175         140   457.92852499616936     
         180         140   346.07393023322436     
         185         140   247.75746611818920     
         190         140   159.62402796228068     
         195         140   78.211644372765235     
         200         140   0.0000000000000000     

           0         145   0.0000000000000000     
           5         145   55.436600924663921     
          10         145   113.89262456051105     
          15         145   178.08524747000342     
          20         145   250.68916210459827     
          25         145   334.29720192636319     
          30         145   431.36081067425141     
          35         145   544.10387523677525     
          40         145   674.40303418512849     
          45         145   823.62692087570588     
          50         145   992.42621455129142     
          55         145   1180.4668757508509     
          60         145   1386.1029921711231     
          65         145   1605.9981734635080     
          70         145   1834.7333083821261     
          75         145   2064.4918403464726     
          80         145   2284.9881509513975     
          85         145   2483.8626436307381     
          90         145   2647.7271012883048     
          95         145   2763.8418236792377     
         100         145   2822.1194544219443     
         105         145   2816.9749909372372     
         110         145   2748.5372665448422     
         115         145   2622.8052006640119     
         120         145   2450.5436793272397     
         125         145   2245.2004150735038     
         130         145   2020.5932424156699     
         135         145   1789.1105743106905     
         140         145   1560.7386628121599     
         145         145   1342.8083978176646     
         150         145   1140.1851859702199     
         155         145   955.65397286921916     
         160         145   790.34406868356473     
         165         145   644.11812149527498     
         170         145   515.89812319439477     
         175         145   403.92533631825927     
         180         145   305.96082538217729     
         185         145   219.43623995028653     
         190         145   141.56470745501636     
         195         145   69.421069524541522     
         200         145   0.0000000000000000     

           0         150   0.0000000000000000     
           5         150   48.455013295470124     
          10         150   99.491834063573947     
          15         150   155.40846463546507     
          20         150   218.44820048944854     
          25         150   290.75560716508971     
          30         150   374.31460059471971     
          35         150   470.86350515694994     
          40         150   581.78236632036601     
          45         150   707.94847720658663     
          50         150   849.55751592568117     
          55         150   1005.9108764837047     
          60         150   1175.1764838918523     
          65         150   1354.1432238116188     
          70         150   1538.0107181770913     
          75         150   1720.2862957043592     
          80         150   1892.8907798552812     
          85         150   2046.5812736357811     
          90         150   2171.7516702832904     
          95         150   2259.5596235577491     
         100         150   2303.1919564876043     
         105         150   2298.9887083766807     
         110         150   2247.1355848123699     
         115         150   2151.7034780049275     
         120         150   2019.9729853649997     
         125         150   1861.2173720371204     
         130         150   1685.3091913914006     
         135         150   1501.5254952839887     
         140         150   1317.7639204604397     
         145         150   1140.1851859702199     
         150         150   973.17835253495161     
         155         150   819.51811694305582     
         160         150   680.60845610019783     
         165         150   556.74488273636689     
         170         150   447.35899916793426     
         175         150   351.22955761151371     
         180         150   266.65586724979880     
         185         150   191.59534680224948     
         190         150   123.76983883155715     
         195         150   60.746549579276561     
         200         150   0.0000000000000000     

           0         155   0.0000000000000000     
           5         155   41.728581935956100     
          10         155   85.632105486168314     
          15         155   133.62415003526968     
          20         155   187.55757380241587     
          25         155   249.17955623944798     
          30         155   320.07160838792055     
          35         155   401.57085429280551     
          40         155   494.66985100415468     
          45         155   599.89369563987816     
          50         155   717.15557298782312     
          55         155   845.59590052993303     
          60         155   983.41676085247184     
          65         155   1127.7332858991269     
          70         155   1274.4771183297835     
          75         155   1418.4015465444697     
          80         155   1553.2464298332045     
          85         155   1672.1121031086686     
          90         155   1768.0544810593881     
          95         155   1834.8499302582759     
         100         155   1867.8085820289082     
         105         155   1864.4688628617189     
         110         155   1825.0052570860230     
         115         155   1752.2319752835942     
         120         155   1651.1832073698884     
         125         155   1528.3713748871344     
         130         155   1390.9149951406507     
         135         155   1245.7386517311252     
         140         155   1098.9812000451968     
         145         155   955.65397286921916     
         150         155   819.51811694305582     
         155         155   693.11764865720488     
         160         155   577.90386874757132     
         165         155   474.40094619995710     
         170         155   382.37947305069054     
         175         155   301.01886935083303     
         180         155   229.04937545731684     
         185         155   164.87064586855070     
         190         155   106.64774487737432     
         195         155   52.387567703434854     
         200         155   0.0000000000000000     

           0         160   0.0000000000000000     
           5         160   35.380229649145612     
          10         160   72.565097049057599     
          15         160   113.12347155666831     
          20         160   158.56265371849236     
          25         160   210.28532380858780     
          30         160   269.53445137500159     
          35         160   337.32373546336993     
          40         160   414.35239337848827     
          45         160   500.90491166262916     
          50         160   596.73897594261348     
          55         160   700.96854710268383     
          60         160   811.95426820211219     
          65         160   927.22008395005321     
          70         160   1043.4223087657926     
          75         160   1156.4030291208940     
          80         160   1261.3594011441342     
          85         160   1353.1488832390976     
          90         160   1426.7246470726027     
          95         160   1477.6585744976139     
         100         160   1502.6724496281345     
         105         160   1500.0759575627048     
         110         160   1470.0142141663905     
         115         160   1414.4613117518463     
         120         160   1336.9540695494027     
         125         160   1242.1250339917431     
         130         160   1135.1406606531091     
         135         160   1021.1597435661649     
         140         160   904.89876010928811     
         145         160   790.34406868356473     
         150         160   680.60845610019783     
         155         160   577.90386874757132     
         160         160   483.59370429499154     
         165         160   398.29088729253573     
         170         160   321.97569938364887     
         175         160   254.11573620772936     
         180         160   193.77746016535207     
         185         160   139.72412517559803     
         190         160   90.498557753066706     
         195         160   44.491769449276603     
         200         160   0.0000000000000000     

           0         165   0.0000000000000000     
           5         165   29.489518249977525     
          10         165   60.452371824268162     
          15         165   94.153962191465197     
          20         165   131.80121866082663     
          25         165   174.50341409270254     
          30         165   223.22373423694623     
          35         165   278.72016699806710     
          40         165   341.47558130925626     
          45         165   411.61863843794839     
          50         165   488.83954092351229     
          55         165   572.30767685263424     
          60         165   660.60193863881364     
          65         165   751.66855336821516     
          70         165   842.82475314044723     
          75         165   930.82785938481743     
          80         165   1012.0260291301100     
          85         165   1082.5968583642966     
          90         165   1138.8628245391167     
          95         165   1177.6510112708725     
         100         165   1196.6449385236947     
         105         165   1194.6662291937121     
         110         165   1171.8290175959105     
         115         165   1129.5317449546747     
         120         165   1070.2849116752782     
         125         165   997.40959917689690     
         130         165   914.66769603092291     
         135         165   825.89175948156173     
         140         165   734.67001026480796     
         145         165   644.11812149527498     
         150         165   556.74488273636689     
         155         165   474.40094619995710     
         160         165   398.29088729253573     
         165         165   329.02713082966454     
         170         165   266.70696768404065     
         175         165   210.99833602465412     
         180         165   161.22463916740222     
         185         165   116.44284802140756     
         190         165   75.512264447044757     
         195         165   37.153641897690846     
         200         165   0.0000000000000000     

           0         170   0.0000000000000000     
           5         170   24.093934906060579     
          10         170   49.368526158638637     
          15         170   76.825725312026478     
          20         170   107.41486622384099     
          25         170   141.99854517054689     
          30         170   181.31166510538620     
          35         170   225.91292009955492     
          40         170   276.12920149115030     
          45         170   331.99496779220362     
          50         170   393.19055701284293     
          55         170   458.98569807908348     
          60         170   528.19693425729326     
          65         170   599.16991322581680     
          70         170   669.79880808815687     
          75         170   737.59446398519333     
          80         170   799.80905248203544     
          85         170   853.61730378951552     
          90         170   896.34315918685809     
          95         170   925.70801568208276     
         100         170   940.06621321927560     
         105         170   938.58905213827666     
         110         170   921.36324686797673     
         115         170   889.38357979084367     
         120         170   844.43970782534279     
         125         170   788.91800797781355     
         130         170   725.55460909621786     
         135         170   657.18087168785394     
         140         170   586.49713937575268     
         145         170   515.89812319439477     
         150         170   447.35899916793426     
         155         170   382.37947305069054     
         160         170   321.97569938364887     
         165         170   266.70696768404065     
         170         170   216.72430187603626     
         175         170   171.83016275131746     
         180         170   131.54118707551149     
         185         170   95.148646796589162     
         190         170   61.773720230912637     
         195         170   30.416608979415933     
         200         170   0.0000000000000000     

           0         175   0.0000000000000000     
           5         175   19.192312260775687     
          10         175   39.308632661098891     
          15         175   61.124189245336296     
          20         175   85.369190881103975     
          25         175   112.70037889875107     
          30         175   143.66770726329040     
          35         175   178.67588374392938     
          40         175   217.94152841634488     
          45         175   261.44797443194977     
          50         175   308.90121566829487     
          55         175   359.69210435173375     
          60         175   412.87142625428976     
          65         175   467.14559539527056     
          70         175   520.90091783389937     
          75         175   572.26307335501156     
          80         175   619.19512188665760     
          85         175   659.63179388634217     
          90         175   691.64060773306073     
          95         175   713.59288107288671     
         100         175   724.32204752083248     
         105         175   723.24499024180091     
         110         175   710.42571814813596     
         115         175   686.56952486315845     
         120         175   652.94795445820773     
         125         175   611.26730178698176     
         130         175   563.50257249330821     
         135         175   511.72245237901791     
         140         175   457.92852499616936     
         145         175   403.92533631825927     
         150         175   351.22955761151371     
         155         175   301.01886935083303     
         160         175   254.11573620772936     
         165         175   210.99833602465412     
         170         175   171.83016275131746     
         175         175   136.50055144319987     
         180         175   104.66989157245149     
         185         175   75.815086493472052     
         190         175   49.272554715204478     
         195         175   24.277577357555714     
         200         175   0.0000000000000000     

           0         180   0.0000000000000000     
           5         180   14.749638540268718     
          10         180   30.198429892384638     
          15         180   46.926858722385902     
          20         180   65.478957115666446     
          25         180   86.339729430082912     
          30         180   109.90923988320944     
          35         180   136.47335195154616     
          40         180   166.17191755499809     
          45         180   198.96617911085724     
          50         180   234.60821412431153     
          55         180   272.61631780946766     
          60         180   312.26111453481337     
          65         180   352.56766431222519     
          70         180   392.33857001935462     
          75         180   430.20177038391665     
          80         180   464.68410799992819     
          85         180   494.30794570815027     
          90         180   517.70353751066489     
          95         180   533.72545765882819     
         100         180   541.55835742522788     
         105         180   540.79679383868756     
         110         180   531.48650055664916     
         115         180   514.12004969046507     
         120         180   489.58726219322443     
         125         180   459.08818007004641     
         130         180   424.02204030559471     
         135         180   385.86818542705197     
         140         180   346.07393023322436     
         145         180   305.96082538217729     
         150         180   266.65586724979880     
         155         180   229.04937545731684     
         160         180   193.77746016535207     
         165         180   161.22463916740222     
         170         180   131.54118707551149     
         175         180   104.66989157245149     
         180         180   80.377666093067603     
         185         180   58.288578022924199     
         190         180   37.916040019121297     
         195         180   18.693014086522297     
         200         180   0.0000000000000000     

           0         185   0.0000000000000000     
           5         185   10.702615466708920     
          10         185   21.905927656312116     
          15         185   34.021955636648798     
          20         185   47.435272906452568     
          25         185   62.486269032267721     
          30         185   79.452240465983763     
          35         185   98.526411372563217     
          40         185   119.79557590863102     
          45         185   143.21773654818537     
          50         185   168.60183467112253     
          55         185   195.59234247141217     
          60         185   223.66198130081688     
          65         185   252.11598327397553     
          70         185   280.11093213896345     
          75         185   306.69014209253089     
          80         185   330.83569080247196     
          85         185   351.53472424154972     
          90         185   367.85484051445968     
          95         185   379.02080752988110     
         100         185   384.48326127684766     
         105         185   383.96997233428056     
         110         185   377.51205492380666     
         115         185   365.44094921898716     
         120         185   348.35646367155584     
         125         185   327.07061544444952     
         130         185   302.53541934733101     
         135         185   275.76442221386867     
         140         185   247.75746611818920     
         145         185   219.43623995028653     
         150         185   191.59534680224948     
         155         185   164.87064586855070     
         160         185   139.72412517559803     
         165         185   116.44284802140756     
         170         185   95.148646796589162     
         175         185   75.815086493472052     
         180         185   58.288578022924199     
         185         185   42.311173610875755     
         190         185   27.543344023959083     
         195         185   13.585790569834593     
         200         185   0.0000000000000000     

           0         190   0.0000000000000000     
           5         190   6.9654800176994227     
          10         190   14.253441391708447     
          15         190   22.127431007977798     
          20         190   30.832692900489995     
          25         190   40.585128223062426     
          30         190   51.558967785524672     
          35         190   63.873272650544664     
          40         190   77.577760923799843     
          45         190   92.638891268256870     
          50         190   108.92757481724993     
          55         190   126.21027588309559     
          60         190   144.14551499894858     
          65         190   162.28780484659191     
          70         190   180.10072781470504     
          75         190   196.98012683329543     
          80         190   212.28721755486254     
          85         190   225.38993323448352     
          90         190   235.70920277861768     
          95         190   242.76546495045628     
         100         190   246.21990783387091     
         105         190   245.90499969873110     
         110         190   241.83997659223672     
         115         190   234.22895189039997     
         120         190   223.44183869777032     
         125         190   209.98078755692927     
         130         190   194.43679073645316     
         135         190   177.44210013689980     
         140         190   159.62402796228068     
         145         190   141.56470745501636     
         150         190   123.76983883155715     
         155         190   106.64774487737432     
         160         190   90.498557753066706     
         165         190   75.512264447044757     
         170         190   61.773720230912637     
         175         190   49.272554715204478     
         180         190   37.916040019121297     
         185         190   27.543344023959083     
         190         190   17.940043435935053     
         195         190   8.8522351571591020     
         200         190   0.0000000000000000     

           0         195   0.0000000000000000     
           5         195   3.4357845909823763     
          10         195   7.0294469055410751     
          15         195   10.909448194374004     
          20         195   15.195097584666247     
          25         195   19.991070340462922     
          30         195   25.381331304763094     
          35         195   31.422535116278549     
          40         195   38.137162049130687     
          45         195   45.506856874380830     
          50         195   53.466646253376737     
          55         195   61.900886749293804     
          60         195   70.641900094600786     
          65         195   79.472238226347272     
          70         195   88.131343062595320     
          75         195   96.326995682298872     
          80         195   103.75138953309093     
          85         195   110.10096351409142     
          90         195   115.09839848781570     
          95         195   118.51456381770166     
         100         195   120.18786068299960     
         105         195   120.03847517054000     
         110         195   118.07557568366474     
         115         195   114.39640550501629     
         120         195   109.17736448569960     
         125         195   102.65830781170780     
         130         195   95.122176460359100     
         135         195   86.872542394729976     
         140         195   78.211644372765235     
         145         195   69.421069524541522     
         150         195   60.746549579276561     
         155         195   52.387567703434854     
         160         195   44.491769449276603     
         165         195   37.153641897690846     
         170         195   30.416608979415933     
         175         195   24.277577357555714     
         180         195   18.693014086522297     
         185         195   13.585790569834593     
         190         195   8.8522351571591020     
         195         195   4.3690564529713267     
         200         195   0.0000000000000000     

           0         200   0.0000000000000000     
           5         200   0.0000000000000000     
          10         200   0.0000000000000000     
          15         200   0.0000000000000000     
          20         200   0.0000000000000000     
          25         200   0.0000000000000000     
          30         200   0.0000000000000000     
          35         200   0.0000000000000000     
          40         200   0.0000000000000000     
          45         200   0.0000000000000000     
          50         200   0.0000000000000000     
          55         200   0.0000000000000000     
          60         200   0.0000000000000000     
          65         200   0.0000000000000000     
          70         200   0.0000000000000000     
          75         200   0.0000000000000000     
          80         200   0.0000000000000000     
          85         200   0.0000000000000000     
          90         200   0.0000000000000000     
          95         200   0.0000000000000000     
         100         200   0.0000000000000000     
         105         200   0.0000000000000000     
         110         200   0.0000000000000000     
         115         200   0.0000000000000000     
         120         200   0.0000000000000000     
         125         200   0.0000000000000000     
         130         200   0.0000000000000000     
         135         200   0.0000000000000000     
         140         200   0.0000000000000000     
         145         200   0.0000000000000000     
         150         200   0.0000000000000000     
         155         200   0.0000000000000000     
         160         200   0.0000000000000000     
         165         200   0.0000000000000000     
         170         200   0.0000000000000000     
         175         200   0.0000000000000000     
         180         200   0.0000000000000000     
         185         200   0.0000000000000000     
         190         200   0.0000000000000000     
         195         200   0.0000000000000000     
         200         200   0.0000000000000000     

