  0.0000E+00 -0.8000E+01
  0.8999E-38 -0.8000E+01
  0.1800E-37 -0.8000E+01
  0.2700E-37 -0.8000E+01
  0.3600E-37 -0.8000E+01
  0.4500E-37 -0.8000E+01
  0.5400E-37 -0.8000E+01
  0.6300E-37 -0.8000E+01
  0.7200E-37 -0.8000E+01
  0.8100E-37 -0.8000E+01
  0.8999E-37 -0.8000E+01
  0.9899E-37 -0.8000E+01
  0.1080E-36 -0.8000E+01
  0.1170E-36 -0.8000E+01
  0.1260E-36 -0.8000E+01
  0.1350E-36 -0.8000E+01
  0.1440E-36 -0.8000E+01
  0.1530E-36 -0.8000E+01
  0.1620E-36 -0.8000E+01
  0.1710E-36 -0.8000E+01
  0.1800E-36 -0.8000E+01
  0.1890E-36 -0.8000E+01
  0.1980E-36 -0.8000E+01
  0.2070E-36 -0.8000E+01
  0.2160E-36 -0.8000E+01
  0.2250E-36 -0.8000E+01
  0.2340E-36 -0.8000E+01
  0.2430E-36 -0.8000E+01
  0.2520E-36 -0.8000E+01
  0.2610E-36 -0.8000E+01
  0.2700E-36 -0.8000E+01
  0.2790E-36 -0.8000E+01
  0.2880E-36 -0.8000E+01
  0.2970E-36 -0.8000E+01
  0.3060E-36 -0.8000E+01
  0.3150E-36 -0.8000E+01
  0.3240E-36 -0.8000E+01
  0.3330E-36 -0.8000E+01
  0.3420E-36 -0.8000E+01
  0.3510E-36 -0.8000E+01
  0.3600E-36 -0.8000E+01
  0.3690E-36 -0.8000E+01
  0.3780E-36 -0.8000E+01
  0.3870E-36 -0.8000E+01
  0.3960E-36 -0.8000E+01
  0.4050E-36 -0.8000E+01
  0.4140E-36 -0.8000E+01
  0.4230E-36 -0.8000E+01
  0.4320E-36 -0.8000E+01
  0.4410E-36 -0.8000E+01
  0.4500E-36 -0.8000E+01
  0.4590E-36 -0.8000E+01
  0.4680E-36 -0.8000E+01
  0.4770E-36 -0.8000E+01
  0.4860E-36 -0.8000E+01
  0.4950E-36 -0.8000E+01
  0.5040E-36 -0.8000E+01
  0.5130E-36 -0.8000E+01
  0.5220E-36 -0.8000E+01
  0.5310E-36 -0.8000E+01
  0.5400E-36 -0.8000E+01
  0.5490E-36 -0.8000E+01
  0.5580E-36 -0.8000E+01
  0.5670E-36 -0.8000E+01
  0.5760E-36 -0.8000E+01
  0.5850E-36 -0.8000E+01
  0.5940E-36 -0.8000E+01
  0.6030E-36 -0.8000E+01
  0.6120E-36 -0.8000E+01
  0.6210E-36 -0.8000E+01
  0.6300E-36 -0.8000E+01
  0.6390E-36 -0.8000E+01
  0.6480E-36 -0.8000E+01
  0.6570E-36 -0.8000E+01
  0.6660E-36 -0.8000E+01
  0.6750E-36 -0.8000E+01
  0.6840E-36 -0.8000E+01
  0.6930E-36 -0.8000E+01
  0.7020E-36 -0.8000E+01
  0.7110E-36 -0.8000E+01
  0.7200E-36 -0.8000E+01
  0.7290E-36 -0.8000E+01
  0.7380E-36 -0.8000E+01
  0.7470E-36 -0.8000E+01
  0.7560E-36 -0.8000E+01
  0.7650E-36 -0.8000E+01
  0.7740E-36 -0.8000E+01
  0.7830E-36 -0.8000E+01
  0.7920E-36 -0.8000E+01
  0.8010E-36 -0.8000E+01
  0.8100E-36 -0.8000E+01
  0.8190E-36 -0.8000E+01
  0.8280E-36 -0.8000E+01
  0.8369E-36 -0.8000E+01
  0.8459E-36 -0.8000E+01
  0.8549E-36 -0.8000E+01
  0.8639E-36 -0.8000E+01
  0.8729E-36 -0.8000E+01
  0.8819E-36 -0.8000E+01
  0.8909E-36 -0.8000E+01
  0.8999E-36 -0.8000E+01
  0.9089E-36 -0.8000E+01
  0.9179E-36 -0.8000E+01
  0.9269E-36 -0.8000E+01
  0.9359E-36 -0.8000E+01
  0.9449E-36 -0.8000E+01
  0.9539E-36 -0.8000E+01
  0.9629E-36 -0.8000E+01
  0.9719E-36 -0.8000E+01
  0.9809E-36 -0.8000E+01
  0.9899E-36 -0.8000E+01
  0.9989E-36 -0.8000E+01
  0.1008E-35 -0.8000E+01
  0.1017E-35 -0.8000E+01
  0.1026E-35 -0.8000E+01
  0.1035E-35 -0.8000E+01
  0.1044E-35 -0.8000E+01
  0.1053E-35 -0.8000E+01
  0.1062E-35 -0.8000E+01
  0.1071E-35 -0.8000E+01
  0.1080E-35 -0.8000E+01
  0.1089E-35 -0.8000E+01
  0.1098E-35 -0.8000E+01
  0.1107E-35 -0.8000E+01
  0.1116E-35 -0.8000E+01
  0.1125E-35 -0.8000E+01
  0.1134E-35 -0.8000E+01
  0.1143E-35 -0.8000E+01
  0.1152E-35 -0.8000E+01
  0.1161E-35 -0.8000E+01
  0.1170E-35 -0.8000E+01
  0.1179E-35 -0.8000E+01
  0.1188E-35 -0.8000E+01
  0.1197E-35 -0.8000E+01
  0.1206E-35 -0.8000E+01
  0.1215E-35 -0.8000E+01
  0.1224E-35 -0.8000E+01
  0.1233E-35 -0.8000E+01
  0.1242E-35 -0.8000E+01
  0.1251E-35 -0.8000E+01
  0.1260E-35 -0.8000E+01
  0.1269E-35 -0.8000E+01
  0.1278E-35 -0.8000E+01
  0.1287E-35 -0.8000E+01
  0.1296E-35 -0.8000E+01
  0.1305E-35 -0.8000E+01
  0.1314E-35 -0.8000E+01
  0.1323E-35 -0.8000E+01
  0.1332E-35 -0.8000E+01
  0.1341E-35 -0.8000E+01
  0.1350E-35 -0.8000E+01
  0.1359E-35 -0.8000E+01
  0.1368E-35 -0.8000E+01
  0.1377E-35 -0.8000E+01
  0.1386E-35 -0.8000E+01
  0.1395E-35 -0.8000E+01
  0.1404E-35 -0.8000E+01
  0.1413E-35 -0.8000E+01
  0.1422E-35 -0.8000E+01
  0.1431E-35 -0.8000E+01
  0.1440E-35 -0.8000E+01
  0.1449E-35 -0.8000E+01
  0.1458E-35 -0.8000E+01
  0.1467E-35 -0.8000E+01
  0.1476E-35 -0.8000E+01
  0.1485E-35 -0.8000E+01
  0.1494E-35 -0.8000E+01
  0.1503E-35 -0.8000E+01
  0.1512E-35 -0.8000E+01
  0.1521E-35 -0.8000E+01
  0.1530E-35 -0.8000E+01
  0.1539E-35 -0.8000E+01
  0.1548E-35 -0.8000E+01
  0.1557E-35 -0.8000E+01
  0.1566E-35 -0.8000E+01
  0.1575E-35 -0.8000E+01
  0.1584E-35 -0.8000E+01
  0.1593E-35 -0.8000E+01
  0.1602E-35 -0.8000E+01
  0.1611E-35 -0.8000E+01
  0.1620E-35 -0.8000E+01
  0.1629E-35 -0.8000E+01
  0.1638E-35 -0.8000E+01
  0.1647E-35 -0.8000E+01
  0.1656E-35 -0.8000E+01
  0.1665E-35 -0.8000E+01
  0.1674E-35 -0.8000E+01
  0.1683E-35 -0.8000E+01
  0.1692E-35 -0.8000E+01
  0.1701E-35 -0.8000E+01
  0.1710E-35 -0.8000E+01
  0.1719E-35 -0.8000E+01
  0.1728E-35 -0.8000E+01
  0.1737E-35 -0.8000E+01
  0.1746E-35 -0.8000E+01
  0.1755E-35 -0.8000E+01
  0.1764E-35 -0.8000E+01
  0.1773E-35 -0.8000E+01
  0.1782E-35 -0.8000E+01
  0.1791E-35 -0.8000E+01
  0.1800E-35 -0.8000E+01
  0.1809E-35 -0.8000E+01
  0.1818E-35 -0.8000E+01
  0.1827E-35 -0.8000E+01
  0.1836E-35 -0.8000E+01
  0.1845E-35 -0.8000E+01
  0.1854E-35 -0.8000E+01
  0.1863E-35 -0.8000E+01
  0.1872E-35 -0.8000E+01
  0.1881E-35 -0.8000E+01
  0.1890E-35 -0.8000E+01
  0.1899E-35 -0.8000E+01
  0.1908E-35 -0.8000E+01
  0.1917E-35 -0.8000E+01
  0.1926E-35 -0.8000E+01
  0.1935E-35 -0.8000E+01
  0.1944E-35 -0.8000E+01
  0.1953E-35 -0.8000E+01
  0.1962E-35 -0.8000E+01
  0.1971E-35 -0.8000E+01
  0.1980E-35 -0.8000E+01
  0.1989E-35 -0.8000E+01
  0.1998E-35 -0.8000E+01
  0.2007E-35 -0.8000E+01
  0.2016E-35 -0.8000E+01
  0.2025E-35 -0.8000E+01
  0.2034E-35 -0.8000E+01
  0.2043E-35 -0.8000E+01
  0.2052E-35 -0.8000E+01
  0.2061E-35 -0.8000E+01
  0.2070E-35 -0.8000E+01
  0.2079E-35 -0.8000E+01
  0.2088E-35 -0.8000E+01
  0.2097E-35 -0.8000E+01
  0.2106E-35 -0.8000E+01
  0.2115E-35 -0.8000E+01
  0.2124E-35 -0.8000E+01
  0.2133E-35 -0.8000E+01
  0.2142E-35 -0.8000E+01
  0.2151E-35 -0.8000E+01
  0.2160E-35 -0.8000E+01
  0.2169E-35 -0.8000E+01
  0.2178E-35 -0.8000E+01
  0.2187E-35 -0.8000E+01
  0.2196E-35 -0.8000E+01
  0.2205E-35 -0.8000E+01
  0.2214E-35 -0.8000E+01
  0.2223E-35 -0.8000E+01
  0.2232E-35 -0.8000E+01
  0.2241E-35 -0.8000E+01
  0.2250E-35 -0.8000E+01
  0.2259E-35 -0.8000E+01
  0.2268E-35 -0.8000E+01
  0.2277E-35 -0.8000E+01
  0.2286E-35 -0.8000E+01
  0.2295E-35 -0.8000E+01
  0.2304E-35 -0.8000E+01
  0.2313E-35 -0.8000E+01
  0.2322E-35 -0.8000E+01
  0.2331E-35 -0.8000E+01
  0.2340E-35 -0.8000E+01
  0.2349E-35 -0.8000E+01
  0.2358E-35 -0.8000E+01
  0.2367E-35 -0.8000E+01
  0.2376E-35 -0.8000E+01
  0.2385E-35 -0.8000E+01
  0.2394E-35 -0.8000E+01
  0.2403E-35 -0.8000E+01
  0.2412E-35 -0.8000E+01
  0.2421E-35 -0.8000E+01
  0.2430E-35 -0.8000E+01
  0.2439E-35 -0.8000E+01
  0.2448E-35 -0.8000E+01
  0.2457E-35 -0.8000E+01
  0.2466E-35 -0.8000E+01
  0.2475E-35 -0.8000E+01
  0.2484E-35 -0.8000E+01
  0.2493E-35 -0.8000E+01
  0.2502E-35 -0.8000E+01
  0.2511E-35 -0.8000E+01
  0.2520E-35 -0.8000E+01
  0.2529E-35 -0.8000E+01
  0.2538E-35 -0.8000E+01
  0.2547E-35 -0.8000E+01
  0.2556E-35 -0.8000E+01
  0.2565E-35 -0.8000E+01
  0.2574E-35 -0.8000E+01
  0.2583E-35 -0.8000E+01
  0.2592E-35 -0.8000E+01
  0.2601E-35 -0.8000E+01
  0.2610E-35 -0.8000E+01
  0.2619E-35 -0.8000E+01
  0.2628E-35 -0.8000E+01
  0.2637E-35 -0.8000E+01
  0.2646E-35 -0.8000E+01
  0.2655E-35 -0.8000E+01
  0.2664E-35 -0.8000E+01
  0.2673E-35 -0.8000E+01
  0.2682E-35 -0.8000E+01
  0.2691E-35 -0.8000E+01
  0.2700E-35 -0.8000E+01
  0.2709E-35 -0.8000E+01
  0.2718E-35 -0.8000E+01
  0.2727E-35 -0.8000E+01
  0.2736E-35 -0.8000E+01
  0.2745E-35 -0.8000E+01
  0.2754E-35 -0.8000E+01
  0.2763E-35 -0.8000E+01
  0.2772E-35 -0.8000E+01
  0.2781E-35 -0.8000E+01
  0.2790E-35 -0.8000E+01
  0.2799E-35 -0.8000E+01
  0.2808E-35 -0.8000E+01
  0.2817E-35 -0.8000E+01
  0.2826E-35 -0.8000E+01
  0.2835E-35 -0.8000E+01
  0.2844E-35 -0.8000E+01
  0.2853E-35 -0.8000E+01
  0.2862E-35 -0.8000E+01
  0.2871E-35 -0.8000E+01
  0.2880E-35 -0.8000E+01
  0.2889E-35 -0.8000E+01
  0.2898E-35 -0.8000E+01
  0.2907E-35 -0.8000E+01
  0.2916E-35 -0.8000E+01
  0.2925E-35 -0.8000E+01
  0.2934E-35 -0.8000E+01
  0.2943E-35 -0.8000E+01
  0.2952E-35 -0.8000E+01
  0.2961E-35 -0.8000E+01
  0.2970E-35 -0.8000E+01
  0.2979E-35 -0.8000E+01
  0.2988E-35 -0.8000E+01
  0.2997E-35 -0.8000E+01
  0.3006E-35 -0.8000E+01
  0.3015E-35 -0.8000E+01
  0.3024E-35 -0.8000E+01
  0.3033E-35 -0.8000E+01
  0.3042E-35 -0.8000E+01
  0.3051E-35 -0.8000E+01
  0.3060E-35 -0.8000E+01
  0.3069E-35 -0.8000E+01
  0.3078E-35 -0.8000E+01
  0.3087E-35 -0.8000E+01
  0.3096E-35 -0.8000E+01
  0.3105E-35 -0.8000E+01
  0.3114E-35 -0.8000E+01
  0.3123E-35 -0.8000E+01
  0.3132E-35 -0.8000E+01
  0.3141E-35 -0.8000E+01
  0.3150E-35 -0.8000E+01
  0.3159E-35 -0.8000E+01
  0.3168E-35 -0.8000E+01
  0.3177E-35 -0.8000E+01
  0.3186E-35 -0.8000E+01
  0.3195E-35 -0.8000E+01
  0.3204E-35 -0.8000E+01
  0.3213E-35 -0.8000E+01
  0.3222E-35 -0.8000E+01
  0.3231E-35 -0.8000E+01
  0.3240E-35 -0.8000E+01
  0.3249E-35 -0.8000E+01
  0.3258E-35 -0.8000E+01
  0.3267E-35 -0.8000E+01
  0.3276E-35 -0.8000E+01
  0.3285E-35 -0.8000E+01
  0.3294E-35 -0.8000E+01
  0.3303E-35 -0.8000E+01
  0.3312E-35 -0.8000E+01
  0.3321E-35 -0.8000E+01
  0.3330E-35 -0.8000E+01
  0.3339E-35 -0.8000E+01
  0.3348E-35 -0.8000E+01
  0.3357E-35 -0.8000E+01
  0.3366E-35 -0.8000E+01
  0.3375E-35 -0.8000E+01
  0.3384E-35 -0.8000E+01
  0.3393E-35 -0.8000E+01
  0.3402E-35 -0.8000E+01
  0.3411E-35 -0.8000E+01
  0.3420E-35 -0.8000E+01
  0.3429E-35 -0.8000E+01
  0.3438E-35 -0.8000E+01
  0.3447E-35 -0.8000E+01
  0.3456E-35 -0.8000E+01
  0.3465E-35 -0.8000E+01
  0.3474E-35 -0.8000E+01
  0.3483E-35 -0.8000E+01
  0.3492E-35 -0.8000E+01
  0.3501E-35 -0.8000E+01
  0.3510E-35 -0.8000E+01
  0.3519E-35 -0.8000E+01
  0.3528E-35 -0.8000E+01
  0.3537E-35 -0.8000E+01
  0.3546E-35 -0.8000E+01
  0.3555E-35 -0.8000E+01
  0.3564E-35 -0.8000E+01
  0.3573E-35 -0.8000E+01
  0.3582E-35 -0.8000E+01
  0.3591E-35 -0.8000E+01
  0.3600E-35 -0.8000E+01
  0.3609E-35 -0.8000E+01
  0.3618E-35 -0.8000E+01
  0.3627E-35 -0.8000E+01
  0.3636E-35 -0.8000E+01
  0.3645E-35 -0.8000E+01
  0.3654E-35 -0.8000E+01
  0.3663E-35 -0.8000E+01
  0.3672E-35 -0.8000E+01
  0.3681E-35 -0.8000E+01
  0.3690E-35 -0.8000E+01
  0.3699E-35 -0.8000E+01
  0.3708E-35 -0.8000E+01
  0.3717E-35 -0.8000E+01
  0.3726E-35 -0.8000E+01
  0.3735E-35 -0.8000E+01
  0.3744E-35 -0.8000E+01
  0.3753E-35 -0.8000E+01
  0.3762E-35 -0.8000E+01
  0.3771E-35 -0.8000E+01
  0.3780E-35 -0.8000E+01
  0.3789E-35 -0.8000E+01
  0.3798E-35 -0.8000E+01
  0.3807E-35 -0.8000E+01
  0.3816E-35 -0.8000E+01
  0.3825E-35 -0.8000E+01
  0.3834E-35 -0.8000E+01
  0.3843E-35 -0.8000E+01
  0.3852E-35 -0.8000E+01
  0.3861E-35 -0.8000E+01
  0.3870E-35 -0.8000E+01
  0.3879E-35 -0.8000E+01
  0.3888E-35 -0.8000E+01
  0.3897E-35 -0.8000E+01
  0.3906E-35 -0.8000E+01
  0.3915E-35 -0.8000E+01
  0.3924E-35 -0.8000E+01
  0.3933E-35 -0.8000E+01
  0.3942E-35 -0.8000E+01
  0.3951E-35 -0.8000E+01
  0.3960E-35 -0.8000E+01
  0.3969E-35 -0.8000E+01
  0.3978E-35 -0.8000E+01
  0.3987E-35 -0.8000E+01
  0.3996E-35 -0.8000E+01
  0.4005E-35 -0.8000E+01
  0.4014E-35 -0.8000E+01
  0.4023E-35 -0.8000E+01
  0.4032E-35 -0.8000E+01
  0.4041E-35 -0.8000E+01
  0.4050E-35 -0.8000E+01
  0.4059E-35 -0.8000E+01
  0.4068E-35 -0.8000E+01
  0.4077E-35 -0.8000E+01
  0.4086E-35 -0.8000E+01
  0.4095E-35 -0.8000E+01
  0.4104E-35 -0.8000E+01
  0.4113E-35 -0.8000E+01
  0.4122E-35 -0.8000E+01
  0.4131E-35 -0.8000E+01
  0.4140E-35 -0.8000E+01
  0.4149E-35 -0.8000E+01
  0.4158E-35 -0.8000E+01
  0.4167E-35 -0.8000E+01
  0.4176E-35 -0.8000E+01
  0.4185E-35 -0.8000E+01
  0.4194E-35 -0.8000E+01
  0.4203E-35 -0.8000E+01
  0.4212E-35 -0.8000E+01
  0.4221E-35 -0.8000E+01
  0.4230E-35 -0.8000E+01
  0.4239E-35 -0.8000E+01
  0.4248E-35 -0.8000E+01
  0.4257E-35 -0.8000E+01
  0.4266E-35 -0.8000E+01
  0.4275E-35 -0.8000E+01
  0.4284E-35 -0.8000E+01
  0.4293E-35 -0.8000E+01
  0.4302E-35 -0.8000E+01
  0.4311E-35 -0.8000E+01
  0.4320E-35 -0.8000E+01
  0.4329E-35 -0.8000E+01
  0.4338E-35 -0.8000E+01
  0.4347E-35 -0.8000E+01
  0.4356E-35 -0.8000E+01
  0.4365E-35 -0.8000E+01
  0.4374E-35 -0.8000E+01
  0.4383E-35 -0.8000E+01
  0.4392E-35 -0.8000E+01
  0.4401E-35 -0.8000E+01
  0.4410E-35 -0.8000E+01
  0.4419E-35 -0.8000E+01
  0.4428E-35 -0.8000E+01
  0.4437E-35 -0.8000E+01
  0.4446E-35 -0.8000E+01
  0.4455E-35 -0.8000E+01
  0.4464E-35 -0.8000E+01
  0.4473E-35 -0.8000E+01
  0.4482E-35 -0.8000E+01
  0.4491E-35 -0.8000E+01
  0.4500E-35 -0.8000E+01
  0.4509E-35 -0.8000E+01
  0.4518E-35 -0.8000E+01
  0.4527E-35 -0.8000E+01
  0.4536E-35 -0.8000E+01
  0.4545E-35 -0.8000E+01
  0.4554E-35 -0.8000E+01
  0.4563E-35 -0.8000E+01
  0.4572E-35 -0.8000E+01
  0.4581E-35 -0.8000E+01
  0.4590E-35 -0.8000E+01
  0.4599E-35 -0.8000E+01
  0.4608E-35 -0.8000E+01
  0.4617E-35 -0.8000E+01
  0.4626E-35 -0.8000E+01
  0.4635E-35 -0.8000E+01
  0.4644E-35 -0.8000E+01
  0.4653E-35 -0.8000E+01
  0.4662E-35 -0.8000E+01
  0.4671E-35 -0.8000E+01
  0.4680E-35 -0.8000E+01
  0.4689E-35 -0.8000E+01
  0.4698E-35 -0.8000E+01
  0.4707E-35 -0.8000E+01
  0.4716E-35 -0.8000E+01
  0.4725E-35 -0.8000E+01
  0.4734E-35 -0.8000E+01
  0.4743E-35 -0.8000E+01
  0.4752E-35 -0.8000E+01
  0.4761E-35 -0.8000E+01
  0.4770E-35 -0.8000E+01
  0.4779E-35 -0.8000E+01
  0.4788E-35 -0.8000E+01
  0.4797E-35 -0.8000E+01
  0.4806E-35 -0.8000E+01
  0.4815E-35 -0.8000E+01
  0.4824E-35 -0.8000E+01
  0.4833E-35 -0.8000E+01
  0.4842E-35 -0.8000E+01
  0.4851E-35 -0.8000E+01
  0.4860E-35 -0.8000E+01
  0.4869E-35 -0.8000E+01
  0.4878E-35 -0.8000E+01
  0.4887E-35 -0.8000E+01
  0.4896E-35 -0.8000E+01
  0.4905E-35 -0.8000E+01
  0.4914E-35 -0.8000E+01
  0.4923E-35 -0.8000E+01
  0.4932E-35 -0.8000E+01
  0.4941E-35 -0.8000E+01
  0.4950E-35 -0.8000E+01
  0.4959E-35 -0.8000E+01
  0.4968E-35 -0.8000E+01
  0.4977E-35 -0.8000E+01
  0.4986E-35 -0.8000E+01
  0.4995E-35 -0.8000E+01
  0.5004E-35 -0.8000E+01
  0.5013E-35 -0.8000E+01
  0.5022E-35 -0.8000E+01
  0.5031E-35 -0.8000E+01
  0.5040E-35 -0.8000E+01
  0.5049E-35 -0.8000E+01
  0.5058E-35 -0.8000E+01
  0.5067E-35 -0.8000E+01
  0.5076E-35 -0.8000E+01
  0.5085E-35 -0.8000E+01
  0.5094E-35 -0.8000E+01
  0.5103E-35 -0.8000E+01
  0.5112E-35 -0.8000E+01
  0.5121E-35 -0.8000E+01
  0.5130E-35 -0.8000E+01
  0.5139E-35 -0.8000E+01
  0.5148E-35 -0.8000E+01
  0.5157E-35 -0.8000E+01
  0.5166E-35 -0.8000E+01
  0.5175E-35 -0.8000E+01
  0.5184E-35 -0.8000E+01
  0.5193E-35 -0.8000E+01
  0.5202E-35 -0.8000E+01
  0.5211E-35 -0.8000E+01
  0.5220E-35 -0.8000E+01
  0.5229E-35 -0.8000E+01
  0.5238E-35 -0.8000E+01
  0.5247E-35 -0.8000E+01
  0.5256E-35 -0.8000E+01
  0.5265E-35 -0.8000E+01
  0.5274E-35 -0.8000E+01
  0.5283E-35 -0.8000E+01
  0.5292E-35 -0.8000E+01
  0.5301E-35 -0.8000E+01
  0.5310E-35 -0.8000E+01
  0.5319E-35 -0.8000E+01
  0.5328E-35 -0.8000E+01
  0.5337E-35 -0.8000E+01
  0.5346E-35 -0.8000E+01
  0.5355E-35 -0.8000E+01
  0.5364E-35 -0.8000E+01
  0.5373E-35 -0.8000E+01
  0.5382E-35 -0.8000E+01
  0.5391E-35 -0.8000E+01
  0.5400E-35 -0.8000E+01
  0.5409E-35 -0.8000E+01
  0.5418E-35 -0.8000E+01
  0.5427E-35 -0.8000E+01
  0.5436E-35 -0.8000E+01
  0.5445E-35 -0.8000E+01
  0.5454E-35 -0.8000E+01
  0.5463E-35 -0.8000E+01
  0.5472E-35 -0.8000E+01
  0.5481E-35 -0.8000E+01
  0.5490E-35 -0.8000E+01
  0.5499E-35 -0.8000E+01
  0.5508E-35 -0.8000E+01
  0.5517E-35 -0.8000E+01
  0.5526E-35 -0.8000E+01
  0.5535E-35 -0.8000E+01
  0.5544E-35 -0.8000E+01
  0.5553E-35 -0.8000E+01
  0.5562E-35 -0.8000E+01
  0.5571E-35 -0.8000E+01
  0.5580E-35 -0.8000E+01
  0.5589E-35 -0.8000E+01
  0.5598E-35 -0.8000E+01
  0.5607E-35 -0.8000E+01
  0.5616E-35 -0.8000E+01
  0.5625E-35 -0.8000E+01
  0.5634E-35 -0.8000E+01
  0.5643E-35 -0.8000E+01
  0.5652E-35 -0.8000E+01
  0.5661E-35 -0.8000E+01
  0.5670E-35 -0.8000E+01
  0.5679E-35 -0.8000E+01
  0.5688E-35 -0.8000E+01
  0.5697E-35 -0.8000E+01
  0.5706E-35 -0.8000E+01
  0.5715E-35 -0.8000E+01
  0.5724E-35 -0.8000E+01
  0.5733E-35 -0.8000E+01
  0.5742E-35 -0.8000E+01
  0.5751E-35 -0.8000E+01
  0.5760E-35 -0.8000E+01
  0.5769E-35 -0.8000E+01
  0.5778E-35 -0.8000E+01
  0.5787E-35 -0.8000E+01
  0.5796E-35 -0.8000E+01
  0.5805E-35 -0.8000E+01
  0.5814E-35 -0.8000E+01
  0.5823E-35 -0.8000E+01
  0.5832E-35 -0.8000E+01
  0.5841E-35 -0.8000E+01
  0.5850E-35 -0.8000E+01
  0.5859E-35 -0.8000E+01
  0.5868E-35 -0.8000E+01
  0.5877E-35 -0.8000E+01
  0.5886E-35 -0.8000E+01
  0.5895E-35 -0.8000E+01
  0.5904E-35 -0.8000E+01
  0.5913E-35 -0.8000E+01
  0.5922E-35 -0.8000E+01
  0.5931E-35 -0.8000E+01
  0.5940E-35 -0.8000E+01
  0.5949E-35 -0.8000E+01
  0.5958E-35 -0.8000E+01
  0.5967E-35 -0.8000E+01
  0.5976E-35 -0.8000E+01
  0.5985E-35 -0.8000E+01
  0.5994E-35 -0.8000E+01
  0.6003E-35 -0.8000E+01
  0.6012E-35 -0.8000E+01
  0.6021E-35 -0.8000E+01
  0.6030E-35 -0.8000E+01
  0.6039E-35 -0.8000E+01
  0.6048E-35 -0.8000E+01
  0.6057E-35 -0.8000E+01
  0.6066E-35 -0.8000E+01
  0.6075E-35 -0.8000E+01
  0.6084E-35 -0.8000E+01
  0.6093E-35 -0.8000E+01
  0.6102E-35 -0.8000E+01
  0.6111E-35 -0.8000E+01
  0.6120E-35 -0.8000E+01
  0.6129E-35 -0.8000E+01
  0.6138E-35 -0.8000E+01
  0.6147E-35 -0.8000E+01
  0.6156E-35 -0.8000E+01
  0.6165E-35 -0.8000E+01
  0.6174E-35 -0.8000E+01
  0.6183E-35 -0.8000E+01
  0.6192E-35 -0.8000E+01
  0.6201E-35 -0.8000E+01
  0.6210E-35 -0.8000E+01
  0.6219E-35 -0.8000E+01
  0.6228E-35 -0.8000E+01
  0.6237E-35 -0.8000E+01
  0.6246E-35 -0.8000E+01
  0.6255E-35 -0.8000E+01
  0.6264E-35 -0.8000E+01
  0.6273E-35 -0.8000E+01
  0.6282E-35 -0.8000E+01
  0.6291E-35 -0.8000E+01
  0.6300E-35 -0.8000E+01
  0.6309E-35 -0.8000E+01
  0.6318E-35 -0.8000E+01
  0.6327E-35 -0.8000E+01
  0.6336E-35 -0.8000E+01
  0.6345E-35 -0.8000E+01
  0.6354E-35 -0.8000E+01
  0.6363E-35 -0.8000E+01
  0.6372E-35 -0.8000E+01
  0.6381E-35 -0.8000E+01
  0.6390E-35 -0.8000E+01
  0.6399E-35 -0.8000E+01
  0.6408E-35 -0.8000E+01
  0.6417E-35 -0.8000E+01
  0.6426E-35 -0.8000E+01
  0.6435E-35 -0.8000E+01
  0.6444E-35 -0.8000E+01
  0.6453E-35 -0.8000E+01
  0.6462E-35 -0.8000E+01
  0.6471E-35 -0.8000E+01
  0.6480E-35 -0.8000E+01
  0.6489E-35 -0.8000E+01
  0.6498E-35 -0.8000E+01
  0.6507E-35 -0.8000E+01
  0.6516E-35 -0.8000E+01
  0.6525E-35 -0.8000E+01
  0.6534E-35 -0.8000E+01
  0.6543E-35 -0.8000E+01
  0.6552E-35 -0.8000E+01
  0.6561E-35 -0.8000E+01
  0.6570E-35 -0.8000E+01
  0.6579E-35 -0.8000E+01
  0.6588E-35 -0.8000E+01
  0.6597E-35 -0.8000E+01
  0.6606E-35 -0.8000E+01
  0.6615E-35 -0.8000E+01
  0.6624E-35 -0.8000E+01
  0.6633E-35 -0.8000E+01
  0.6642E-35 -0.8000E+01
  0.6651E-35 -0.8000E+01
  0.6660E-35 -0.8000E+01
  0.6669E-35 -0.8000E+01
  0.6678E-35 -0.8000E+01
  0.6687E-35 -0.8000E+01
  0.6696E-35 -0.8000E+01
  0.6705E-35 -0.8000E+01
  0.6714E-35 -0.8000E+01
  0.6723E-35 -0.8000E+01
  0.6732E-35 -0.8000E+01
  0.6741E-35 -0.8000E+01
  0.6750E-35 -0.8000E+01
  0.6759E-35 -0.8000E+01
  0.6768E-35 -0.8000E+01
  0.6777E-35 -0.8000E+01
  0.6786E-35 -0.8000E+01
  0.6795E-35 -0.8000E+01
  0.6804E-35 -0.8000E+01
  0.6813E-35 -0.8000E+01
  0.6822E-35 -0.8000E+01
  0.6831E-35 -0.8000E+01
  0.6840E-35 -0.8000E+01
  0.6849E-35 -0.8000E+01
  0.6858E-35 -0.8000E+01
  0.6867E-35 -0.8000E+01
  0.6876E-35 -0.8000E+01
  0.6885E-35 -0.8000E+01
  0.6894E-35 -0.8000E+01
  0.6903E-35 -0.8000E+01
  0.6912E-35 -0.8000E+01
  0.6921E-35 -0.8000E+01
  0.6930E-35 -0.8000E+01
  0.6939E-35 -0.8000E+01
  0.6948E-35 -0.8000E+01
  0.6957E-35 -0.8000E+01
  0.6966E-35 -0.8000E+01
  0.6975E-35 -0.8000E+01
  0.6984E-35 -0.8000E+01
  0.6993E-35 -0.8000E+01
  0.7002E-35 -0.8000E+01
  0.7011E-35 -0.8000E+01
  0.7020E-35 -0.8000E+01
  0.7029E-35 -0.8000E+01
  0.7038E-35 -0.8000E+01
  0.7047E-35 -0.8000E+01
  0.7056E-35 -0.8000E+01
  0.7065E-35 -0.8000E+01
  0.7074E-35 -0.8000E+01
  0.7083E-35 -0.8000E+01
  0.7092E-35 -0.8000E+01
  0.7101E-35 -0.8000E+01
  0.7110E-35 -0.8000E+01
  0.7119E-35 -0.8000E+01
  0.7128E-35 -0.8000E+01
  0.7137E-35 -0.8000E+01
  0.7146E-35 -0.8000E+01
  0.7155E-35 -0.8000E+01
  0.7164E-35 -0.8000E+01
  0.7173E-35 -0.8000E+01
  0.7182E-35 -0.8000E+01
  0.7191E-35 -0.8000E+01
  0.7200E-35 -0.8000E+01
  0.7209E-35 -0.8000E+01
  0.7218E-35 -0.8000E+01
  0.7227E-35 -0.8000E+01
  0.7236E-35 -0.8000E+01
  0.7245E-35 -0.8000E+01
  0.7254E-35 -0.8000E+01
  0.7263E-35 -0.8000E+01
  0.7272E-35 -0.8000E+01
  0.7281E-35 -0.8000E+01
  0.7290E-35 -0.8000E+01
  0.7299E-35 -0.8000E+01
  0.7308E-35 -0.8000E+01
  0.7317E-35 -0.8000E+01
  0.7326E-35 -0.8000E+01
  0.7335E-35 -0.8000E+01
  0.7344E-35 -0.8000E+01
  0.7353E-35 -0.8000E+01
  0.7362E-35 -0.8000E+01
  0.7371E-35 -0.8000E+01
  0.7380E-35 -0.8000E+01
  0.7389E-35 -0.8000E+01
  0.7398E-35 -0.8000E+01
  0.7407E-35 -0.8000E+01
  0.7416E-35 -0.8000E+01
  0.7425E-35 -0.8000E+01
  0.7434E-35 -0.8000E+01
  0.7443E-35 -0.8000E+01
  0.7452E-35 -0.8000E+01
  0.7461E-35 -0.8000E+01
  0.7470E-35 -0.8000E+01
  0.7479E-35 -0.8000E+01
  0.7488E-35 -0.8000E+01
  0.7497E-35 -0.8000E+01
  0.7506E-35 -0.8000E+01
  0.7515E-35 -0.8000E+01
  0.7524E-35 -0.8000E+01
  0.7533E-35 -0.8000E+01
  0.7542E-35 -0.8000E+01
  0.7551E-35 -0.8000E+01
  0.7560E-35 -0.8000E+01
  0.7569E-35 -0.8000E+01
  0.7578E-35 -0.8000E+01
  0.7587E-35 -0.8000E+01
  0.7596E-35 -0.8000E+01
  0.7605E-35 -0.8000E+01
  0.7614E-35 -0.8000E+01
  0.7623E-35 -0.8000E+01
  0.7632E-35 -0.8000E+01
  0.7641E-35 -0.8000E+01
  0.7650E-35 -0.8000E+01
  0.7659E-35 -0.8000E+01
  0.7668E-35 -0.8000E+01
  0.7677E-35 -0.8000E+01
  0.7686E-35 -0.8000E+01
  0.7695E-35 -0.8000E+01
  0.7704E-35 -0.8000E+01
  0.7713E-35 -0.8000E+01
  0.7722E-35 -0.8000E+01
  0.7731E-35 -0.8000E+01
  0.7740E-35 -0.8000E+01
  0.7749E-35 -0.8000E+01
  0.7758E-35 -0.8000E+01
  0.7767E-35 -0.8000E+01
  0.7776E-35 -0.8000E+01
  0.7785E-35 -0.8000E+01
  0.7794E-35 -0.8000E+01
  0.7803E-35 -0.8000E+01
  0.7812E-35 -0.8000E+01
  0.7821E-35 -0.8000E+01
  0.7830E-35 -0.8000E+01
  0.7839E-35 -0.8000E+01
  0.7848E-35 -0.8000E+01
  0.7857E-35 -0.8000E+01
  0.7866E-35 -0.8000E+01
  0.7875E-35 -0.8000E+01
  0.7884E-35 -0.8000E+01
  0.7893E-35 -0.8000E+01
  0.7902E-35 -0.8000E+01
  0.7911E-35 -0.8000E+01
  0.7920E-35 -0.8000E+01
  0.7929E-35 -0.8000E+01
  0.7938E-35 -0.8000E+01
  0.7947E-35 -0.8000E+01
  0.7956E-35 -0.8000E+01
  0.7965E-35 -0.8000E+01
  0.7974E-35 -0.8000E+01
  0.7983E-35 -0.8000E+01
  0.7992E-35 -0.8000E+01
  0.8001E-35 -0.8000E+01
  0.8010E-35 -0.8000E+01
  0.8019E-35 -0.8000E+01
  0.8028E-35 -0.8000E+01
  0.8037E-35 -0.8000E+01
  0.8046E-35 -0.8000E+01
  0.8055E-35 -0.8000E+01
  0.8064E-35 -0.8000E+01
  0.8073E-35 -0.8000E+01
  0.8082E-35 -0.8000E+01
  0.8091E-35 -0.8000E+01
  0.8100E-35 -0.8000E+01
  0.8109E-35 -0.8000E+01
  0.8118E-35 -0.8000E+01
  0.8127E-35 -0.8000E+01
  0.8136E-35 -0.8000E+01
  0.8145E-35 -0.8000E+01
  0.8154E-35 -0.8000E+01
  0.8163E-35 -0.8000E+01
  0.8172E-35 -0.8000E+01
  0.8181E-35 -0.8000E+01
  0.8190E-35 -0.8000E+01
  0.8199E-35 -0.8000E+01
  0.8208E-35 -0.8000E+01
  0.8217E-35 -0.8000E+01
  0.8226E-35 -0.8000E+01
  0.8235E-35 -0.8000E+01
  0.8244E-35 -0.8000E+01
  0.8253E-35 -0.8000E+01
  0.8262E-35 -0.8000E+01
  0.8271E-35 -0.8000E+01
  0.8280E-35 -0.8000E+01
  0.8289E-35 -0.8000E+01
  0.8298E-35 -0.8000E+01
  0.8306E-35 -0.8000E+01
  0.8315E-35 -0.8000E+01
  0.8324E-35 -0.8000E+01
  0.8333E-35 -0.8000E+01
  0.8342E-35 -0.8000E+01
  0.8351E-35 -0.8000E+01
  0.8360E-35 -0.8000E+01
  0.8369E-35 -0.8000E+01
  0.8378E-35 -0.8000E+01
  0.8387E-35 -0.8000E+01
  0.8396E-35 -0.8000E+01
  0.8405E-35 -0.8000E+01
  0.8414E-35 -0.8000E+01
  0.8423E-35 -0.8000E+01
  0.8432E-35 -0.8000E+01
  0.8441E-35 -0.8000E+01
  0.8450E-35 -0.8000E+01
  0.8459E-35 -0.8000E+01
  0.8468E-35 -0.8000E+01
  0.8477E-35 -0.8000E+01
  0.8486E-35 -0.8000E+01
  0.8495E-35 -0.8000E+01
  0.8504E-35 -0.8000E+01
  0.8513E-35 -0.8000E+01
  0.8522E-35 -0.8000E+01
  0.8531E-35 -0.8000E+01
  0.8540E-35 -0.8000E+01
  0.8549E-35 -0.8000E+01
  0.8558E-35 -0.8000E+01
  0.8567E-35 -0.8000E+01
  0.8576E-35 -0.8000E+01
  0.8585E-35 -0.8000E+01
  0.8594E-35 -0.8000E+01
  0.8603E-35 -0.8000E+01
  0.8612E-35 -0.8000E+01
  0.8621E-35 -0.8000E+01
  0.8630E-35 -0.8000E+01
  0.8639E-35 -0.8000E+01
  0.8648E-35 -0.8000E+01
  0.8657E-35 -0.8000E+01
  0.8666E-35 -0.8000E+01
  0.8675E-35 -0.8000E+01
  0.8684E-35 -0.8000E+01
  0.8693E-35 -0.8000E+01
  0.8702E-35 -0.8000E+01
  0.8711E-35 -0.8000E+01
  0.8720E-35 -0.8000E+01
  0.8729E-35 -0.8000E+01
  0.8738E-35 -0.8000E+01
  0.8747E-35 -0.8000E+01
  0.8756E-35 -0.8000E+01
  0.8765E-35 -0.8000E+01
  0.8774E-35 -0.8000E+01
  0.8783E-35 -0.8000E+01
  0.8792E-35 -0.8000E+01
  0.8801E-35 -0.8000E+01
  0.8810E-35 -0.8000E+01
  0.8819E-35 -0.8000E+01
  0.8828E-35 -0.8000E+01
  0.8837E-35 -0.8000E+01
  0.8846E-35 -0.8000E+01
  0.8855E-35 -0.8000E+01
  0.8864E-35 -0.8000E+01
  0.8873E-35 -0.8000E+01
  0.8882E-35 -0.8000E+01
  0.8891E-35 -0.8000E+01
  0.8900E-35 -0.8000E+01
  0.8909E-35 -0.8000E+01
  0.8918E-35 -0.8000E+01
  0.8927E-35 -0.8000E+01
  0.8936E-35 -0.8000E+01
  0.8945E-35 -0.8000E+01
  0.8954E-35 -0.8000E+01
  0.8963E-35 -0.8000E+01
  0.8972E-35 -0.8000E+01
  0.8981E-35 -0.8000E+01
  0.8990E-35 -0.8000E+01
  0.8999E-35 -0.8000E+01
